72228 6072 1358094 2334
72129 4655 1359511 2433
72040 4665 1359501 2522
72119 6505 1357661 2443
72033 5195 1358971 2529
72052 5383 1358783 2510
71262 3629 1360537 3300
71262 3629 1360537 3300
71262 3629 1360537 3300
72828 5446 1358720 1734
72756 4646 1359520 1806
72756 4646 1359520 1806
72250 5435 1358731 2312
72197 4813 1359353 2365
72150 4519 1359647 2412
72454 4077 1360089 2108
72366 3626 1360540 2196
72366 3626 1360540 2196
72240 4711 1359455 2322
72086 3168 1360998 2476
72086 3168 1360998 2476
71407 3625 1360541 3155
71330 2807 1361359 3232
71330 2807 1361359 3232
